{
  "camera_angle_x": 1.207452720971256,
  "camera_angle_y": 0.6823808736768207,
  "fl_x": 1392.0684247998215,
  "fl_y": 1520.797587702816,
  "k1": 0.012989393570090305,
  "k2": 0.008329751739539603,
  "k3": 0,
  "k4": 0,
  "p1": 0.001798134144651086,
  "p2": 0.0023392311548282117,
  "is_fisheye": false,
  "cx": 962.7092807264502,
  "cy": 624.6750377074973,
  "w": 1920.0,
  "h": 1080.0,
  "aabb_scale": 16,
  "frames": [
    {
      "file_path": "./images/0001.jpg",
      "sharpness": 364.8476567321299,
      "transform_matrix": [
        [
          -0.31433347517268473,
          0.008304655555337019,
          0.9492763028127826,
          3.8152650826614276
        ],
        [
          0.9484059433315337,
          -0.0409464569678216,
          0.3144034896676658,
          1.2982262126072264
        ],
        [
          0.041480513970782305,
          0.9991268289650842,
          0.004994657428701288,
          0.033514180940928964
        ],
        [
          0.0,
          0.0,
          0.0,
          1.0
        ]
      ]
    },
    {
      "file_path": "./images/0002.jpg",
      "sharpness": 346.28653983217896,
      "transform_matrix": [
        [
          -0.30289880711355854,
          0.007684429073434719,
          0.9529917429857062,
          3.8308209696707856
        ],
        [
          0.9521926976462193,
          -0.03928520056511766,
          0.30296161401368005,
          1.2439108993789438
        ],
        [
          0.039766558794955956,
          0.9991984900740738,
          0.004582383139086197,
          0.03123540649569625
        ],
        [
          0.0,
          0.0,
          0.0,
          1.0
        ]
      ]
    },
    {
      "file_path": "./images/0003.jpg",
      "sharpness": 332.41579107731246,
      "transform_matrix": [
        [
          -0.29146769199472283,
          0.006995978202038848,
          0.9565550903174377,
          3.846190437530903
        ],
        [
          0.9558278113103592,
          -0.03753569130464118,
          0.29152061162794507,
          1.19002233852981
        ],
        [
          0.037944428430432636,
          0.9992707982159863,
          0.004253490779160383,
          0.02950567276961058
        ],
        [
          0.0,
          0.0,
          0.0,
          1.0
        ]
      ]
    },
    {
      "file_path": "./images/0004.jpg",
      "sharpness": 372.1220859267236,
      "transform_matrix": [
        [
          -0.27984753732249756,
          0.0063392737088555084,
          0.9600235254738878,
          3.8604353126510267
        ],
        [
          0.9593661348741428,
          -0.035737229367291186,
          0.27989188929620246,
          1.1364763027430753
        ],
        [
          0.036082892222993164,
          0.9993411149582153,
          0.003919291113191694,
          0.027673425824752698
        ],
        [
          0.0,
          0.0,
          0.0,
          1.0
        ]
      ]
    },
    {
      "file_path": "./images/0010.jpg",
      "sharpness": 342.3679769457385,
      "transform_matrix": [
        [
          -0.20867942315548008,
          0.0033059074550416106,
          0.9779785116899705,
          3.9321605504417056
        ],
        [
          0.9776781962999738,
          -0.024304284977627242,
          0.20869749929348974,
          0.820837400451262
        ],
        [
          0.024459003068871703,
          0.9996991410957401,
          0.0018396905315579367,
          0.01757686287685659
        ],
        [
          0.0,
          0.0,
          0.0,
          1.0
        ]
      ]
    },
    {
      "file_path": "./images/0006.jpg",
      "sharpness": 340.0471102744765,
      "transform_matrix": [
        [
          -0.2564767310059559,
          0.005312153028237145,
          0.9665358076567253,
          3.887693851324115
        ],
        [
          0.9660144558767976,
          -0.031887640859830174,
          0.2565136436867427,
          1.0306649583897443
        ],
        [
          0.03218318644181822,
          0.999477343110155,
          0.0030468212701144043,
          0.024405982888525322
        ],
        [
          0.0,
          0.0,
          0.0,
          1.0
        ]
      ]
    },
    {
      "file_path": "./images/0008.jpg",
      "sharpness": 338.7166392959426,
      "transform_matrix": [
        [
          -0.232593487016076,
          0.004306682679181677,
          0.9725645080311839,
          3.911369136374953
        ],
        [
          0.9721611430689896,
          -0.028106212687573014,
          0.2326214794793392,
          0.9252288700461436
        ],
        [
          0.02833693181158856,
          0.9995956649028632,
          0.0023505324595894097,
          0.021140383056432743
        ],
        [
          0.0,
          0.0,
          0.0,
          1.0
        ]
      ]
    },
    {
      "file_path": "./images/0012.jpg",
      "sharpness": 399.9492431450551,
      "transform_matrix": [
        [
          -0.18481860466532327,
          0.002433217945932691,
          0.9827696387353072,
          3.949553300064908
        ],
        [
          0.9825613006953808,
          -0.020280428258710428,
          0.18482963670754882,
          0.7187835425195008
        ],
        [
          0.02038071994218719,
          0.9997913700767806,
          0.001357414662959086,
          0.014283478211154305
        ],
        [
          0.0,
          0.0,
          0.0,
          1.0
        ]
      ]
    },
    {
      "file_path": "./images/0007.jpg",
      "sharpness": 315.8050853163924,
      "transform_matrix": [
        [
          -0.24460779105476543,
          0.004728150872286975,
          0.9696105780902828,
          3.8999198244211315
        ],
        [
          0.9691512881107832,
          -0.02996671988640927,
          0.24463805193072383,
          0.977965306571565
        ],
        [
          0.030212734211161715,
          0.999539714212754,
          0.002747799648312441,
          0.022828841521838367
        ],
        [
          0.0,
          0.0,
          0.0,
          1.0
        ]
      ]
    },
    {
      "file_path": "./images/0005.jpg",
      "sharpness": 342.84038868513693,
      "transform_matrix": [
        [
          -0.26819465421377603,
          0.005842514630504613,
          0.9633470259848634,
          3.8746164381338954
        ],
        [
          0.9627560626059835,
          -0.03391615732710224,
          0.2682358256974394,
          1.0834808652944918
        ],
        [
          0.03424020102996144,
          0.9994076041810422,
          0.003471215705219736,
          0.025801802451193814
        ],
        [
          0.0,
          0.0,
          0.0,
          1.0
        ]
      ]
    },
    {
      "file_path": "./images/0019.jpg",
      "sharpness": 397.78783275930704,
      "transform_matrix": [
        [
          -0.09712566820089624,
          0.00022446552789060937,
          0.99527210057938,
          3.9873871768042464
        ],
        [
          0.99525891209468,
          -0.00513105139171793,
          0.09712553839093815,
          0.38104377286706015
        ],
        [
          0.005128593632062436,
          0.9999868108764124,
          0.0002749554779025774,
          0.008410631112008087
        ],
        [
          0.0,
          0.0,
          0.0,
          1.0
        ]
      ]
    },
    {
      "file_path": "./images/0011.jpg",
      "sharpness": 352.28936338007827,
      "transform_matrix": [
        [
          -0.1968049406273406,
          0.0027971780116078566,
          0.9804386728091543,
          3.9412297090692827
        ],
        [
          0.9801878853698648,
          -0.022234449909825562,
          0.19681803426353084,
          0.7695625085228068
        ],
        [
          0.02235004963796082,
          0.9997488709832656,
          0.0016340895941838113,
          0.01621953606661536
        ],
        [
          0.0,
          0.0,
          0.0,
          1.0
        ]
      ]
    },
    {
      "file_path": "./images/0016.jpg",
      "sharpness": 411.5491632780514,
      "transform_matrix": [
        [
          -0.1366818194563185,
          0.0009945685695954983,
          0.9906145017429362,
          3.9761990604528696
        ],
        [
          0.9905421142468012,
          -0.011993282111492637,
          0.13668387281486838,
          0.5206642291069725
        ],
        [
          0.012016660667011002,
          0.9999275833866619,
          0.0006541015665611893,
          0.010289007130926424
        ],
        [
          0.0,
          0.0,
          0.0,
          1.0
        ]
      ]
    },
    {
      "file_path": "./images/0014.jpg",
      "sharpness": 370.90812810800946,
      "transform_matrix": [
        [
          -0.16076842241995545,
          0.0015299273984237668,
          0.9869909693987527,
          3.9647171456123607
        ],
        [
          0.9868592031142533,
          -0.016163924175888595,
          0.16077201492777535,
          0.6183592031939013
        ],
        [
          0.016199616702186018,
          0.9998681847510337,
          0.0010888256566422478,
          0.01216616758873229
        ],
        [
          0.0,
          0.0,
          0.0,
          1.0
        ]
      ]
    },
    {
      "file_path": "./images/0017.jpg",
      "sharpness": 342.40401929137715,
      "transform_matrix": [
        [
          -0.12451210230102508,
          0.0007320673467025581,
          0.9922178190588569,
          3.980783984741084
        ],
        [
          0.9921687680113638,
          -0.009878762347866114,
          0.12451323559078845,
          0.4732304942967981
        ],
        [
          0.009893036105808762,
          0.9999509358622601,
          0.0005036911105857956,
          0.009726011239871234
        ],
        [
          0.0,
          0.0,
          0.0,
          1.0
        ]
      ]
    },
    {
      "file_path": "./images/0021.jpg",
      "sharpness": 400.3029792932498,
      "transform_matrix": [
        [
          -0.06606138739169212,
          -0.0006365131665337675,
          0.9978153576422889,
          3.9909613465076386
        ],
        [
          0.9978155369892873,
          0.0001756793506018738,
          0.06606151133259006,
          0.2937426738391373
        ],
        [
          -0.00021734457581548705,
          0.9999997819938213,
          0.0006235171054288125,
          0.006512832570333757
        ],
        [
          0.0,
          0.0,
          0.0,
          1.0
        ]
      ]
    },
    {
      "file_path": "./images/0020.jpg",
      "sharpness": 387.8468821147064,
      "transform_matrix": [
        [
          -0.08134299803136069,
          -0.00016217058537982626,
          0.9966861543996217,
          3.9893722914378076
        ],
        [
          0.9966834116905988,
          -0.002364856616908239,
          0.0813423894041075,
          0.33663489932544144
        ],
        [
          0.0023438285043069144,
          0.9999971905729627,
          0.00035399725944584474,
          0.007487159130592763
        ],
        [
          0.0,
          0.0,
          0.0,
          1.0
        ]
      ]
    },
    {
      "file_path": "./images/0028.jpg",
      "sharpness": 443.80997289556734,
      "transform_matrix": [
        [
          -0.0002023403585150376,
          -0.0018622465394024575,
          0.9999982455465316,
          3.9911686768192833
        ],
        [
          0.9999284919773885,
          0.011956608635527936,
          0.00022459243664770022,
          0.02101485087628026
        ],
        [
          -0.011957005904702367,
          0.9999267830934917,
          0.001859694069356873,
          0.0025724861349296765
        ],
        [
          0.0,
          0.0,
          0.0,
          1.0
        ]
      ]
    },
    {
      "file_path": "./images/0009.jpg",
      "sharpness": 309.17880640169176,
      "transform_matrix": [
        [
          -0.22071128579900678,
          0.0038284566148505893,
          0.9753316724278118,
          3.922020592973883
        ],
        [
          0.9749817150872178,
          -0.02620560819518499,
          0.22073495723312134,
          0.8727369011353794
        ],
        [
          0.02640423387514566,
          0.9996492429942636,
          0.0020511982834202406,
          0.019324149340437198
        ],
        [
          0.0,
          0.0,
          0.0,
          1.0
        ]
      ]
    },
    {
      "file_path": "./images/0013.jpg",
      "sharpness": 378.1928399472054,
      "transform_matrix": [
        [
          -0.17274266311163167,
          0.0019188266681088263,
          0.9849651214359088,
          3.957576108342537
        ],
        [
          0.9847978468963716,
          -0.018195116001718553,
          0.17274877279435255,
          0.6683612116406907
        ],
        [
          0.01825302959429404,
          0.9998326139198687,
          0.0012534164224410173,
          0.0132023210768301
        ],
        [
          0.0,
          0.0,
          0.0,
          1.0
        ]
      ]
    },
    {
      "file_path": "./images/0025.jpg",
      "sharpness": 408.93148281847596,
      "transform_matrix": [
        [
          -0.02278853469589904,
          -0.001385060840766359,
          0.9997393481767217,
          3.992960974511363
        ],
        [
          0.9997111260148501,
          0.0076089405168486696,
          0.022798432979739488,
          0.1323691234218672
        ],
        [
          -0.00763853444938081,
          0.9999700923680737,
          0.0012112641277543744,
          0.0034634421107430035
        ],
        [
          0.0,
          0.0,
          0.0,
          1.0
        ]
      ]
    },
    {
      "file_path": "./images/0031.jpg",
      "sharpness": 498.8779701736826,
      "transform_matrix": [
        [
          0.020891019616779694,
          -0.0025414085204316125,
          0.9997785287462613,
          3.9869168503635057
        ],
        [
          0.9996552565178424,
          0.015960398251932944,
          -0.020847872886370057,
          -0.08432862377693953
        ],
        [
          -0.01590388052073562,
          0.9998693949363124,
          0.0028739613793814425,
          0.0026000599150135225
        ],
        [
          0.0,
          0.0,
          0.0,
          1.0
        ]
      ]
    },
    {
      "file_path": "./images/0032.jpg",
      "sharpness": 495.75864209938794,
      "transform_matrix": [
        [
          0.02795234910713896,
          -0.0027495455807413777,
          0.9996054752643301,
          3.9852342369496645
        ],
        [
          0.999464480895185,
          0.017095738977934094,
          -0.02790138236211246,
          -0.11844664462018736
        ],
        [
          -0.017012278163462426,
          0.999850076615406,
          0.003225939210709068,
          0.0029880850412724743
        ],
        [
          0.0,
          0.0,
          0.0,
          1.0
        ]
      ]
    },
    {
      "file_path": "./images/0015.jpg",
      "sharpness": 375.51116705050066,
      "transform_matrix": [
        [
          -0.14873084293469954,
          0.001103947345396806,
          0.9888770993708611,
          3.970752400351333
        ],
        [
          0.9887763072555081,
          -0.01415483897689864,
          0.1487314853812037,
          0.5693250395021667
        ],
        [
          0.014161587838000637,
          0.9998992058371343,
          0.0010137041530531004,
          0.010939330466703763
        ],
        [
          0.0,
          0.0,
          0.0,
          1.0
        ]
      ]
    },
    {
      "file_path": "./images/0018.jpg",
      "sharpness": 433.0351858302394,
      "transform_matrix": [
        [
          -0.11200802660482362,
          0.0005499858243407014,
          0.993707149763763,
          3.984442929120342
        ],
        [
          0.9936766599049947,
          -0.0077911123377080085,
          0.11200890200602188,
          0.42661027880980734
        ],
        [
          0.007803687342896392,
          0.9999694975768362,
          0.0003261590410772056,
          0.008578039618399287
        ],
        [
          0.0,
          0.0,
          0.0,
          1.0
        ]
      ]
    },
    {
      "file_path": "./images/0022.jpg",
      "sharpness": 449.11544399184,
      "transform_matrix": [
        [
          -0.05312308296054361,
          -0.0007628528811108688,
          0.9985876807332366,
          3.9919223563767483
        ],
        [
          0.998584918557442,
          0.0024324203192735523,
          0.053124794220944495,
          0.2520037714990654
        ],
        [
          -0.002469511367521644,
          0.999996750688125,
          0.0006325557157397264,
          0.005309702477269066
        ],
        [
          0.0,
          0.0,
          0.0,
          1.0
        ]
      ]
    },
    {
      "file_path": "./images/0024.jpg",
      "sharpness": 426.91626347714197,
      "transform_matrix": [
        [
          -0.031240478008171098,
          -0.0012274891847534554,
          0.999511143411647,
          3.9930469491590497
        ],
        [
          0.9994925728430929,
          0.006179917776000508,
          0.031247487063388226,
          0.17126082341834054
        ],
        [
          -0.006215252634901259,
          0.9999801507462629,
          0.0010338027380328528,
          0.003763608029045089
        ],
        [
          0.0,
          0.0,
          0.0,
          1.0
        ]
      ]
    },
    {
      "file_path": "./images/0026.jpg",
      "sharpness": 433.56688705582286,
      "transform_matrix": [
        [
          -0.015063546346001213,
          -0.0013914155145620499,
          0.9998855702200545,
          3.992454846926008
        ],
        [
          0.9998453074867394,
          0.009060295448055125,
          0.015075547855435044,
          0.09423320197413007
        ],
        [
          -0.009080235031617336,
          0.9999579866220355,
          0.001254720092608871,
          0.0027812887495335423
        ],
        [
          0.0,
          0.0,
          0.0,
          1.0
        ]
      ]
    },
    {
      "file_path": "./images/0027.jpg",
      "sharpness": 413.4685052456555,
      "transform_matrix": [
        [
          -0.00739091033571802,
          -0.0018040735275803496,
          0.9999710594627486,
          3.9920597278639534
        ],
        [
          0.9999176757442922,
          0.010475795779990976,
          0.00740941542283582,
          0.05719331265426467
        ],
        [
          -0.010488859735052147,
          0.9999434999145795,
          0.0017264993412647444,
          0.003170451954711517
        ],
        [
          0.0,
          0.0,
          0.0,
          1.0
        ]
      ]
    },
    {
      "file_path": "./images/0023.jpg",
      "sharpness": 421.9403139167858,
      "transform_matrix": [
        [
          -0.04227281991774508,
          -0.0011046180048432477,
          0.9991054941872759,
          3.9927031211139905
        ],
        [
          0.9990964679514365,
          0.004345400903686965,
          0.04227724231724154,
          0.21106141941182138
        ],
        [
          -0.004388214120378745,
          0.9999899486044772,
          0.0009199275972024861,
          0.0047653913380031184
        ],
        [
          0.0,
          0.0,
          0.0,
          1.0
        ]
      ]
    },
    {
      "file_path": "./images/0030.jpg",
      "sharpness": 510.09302420535386,
      "transform_matrix": [
        [
          0.013838533773910758,
          -0.002408973110328008,
          0.9999013410489443,
          3.988679409559085
        ],
        [
          0.9997978419749494,
          0.014621334256759681,
          -0.013801875480749194,
          -0.049789869169398523
        ],
        [
          -0.014586643384353655,
          0.9998902006885763,
          0.0026108239450134316,
          0.002933063992333648
        ],
        [
          0.0,
          0.0,
          0.0,
          1.0
        ]
      ]
    },
    {
      "file_path": "./images/0029.jpg",
      "sharpness": 457.00305023836177,
      "transform_matrix": [
        [
          0.006724789981295516,
          -0.0021928780899693277,
          0.9999749839297608,
          3.990152680724783
        ],
        [
          0.9998892038971805,
          0.01329496620157733,
          -0.006695058144727679,
          -0.014600369364484557
        ],
        [
          -0.013279952167452359,
          0.9999092134585602,
          0.002282040983137032,
          0.002888589226419932
        ],
        [
          0.0,
          0.0,
          0.0,
          1.0
        ]
      ]
    },
    {
      "file_path": "./images/0035.jpg",
      "sharpness": 532.0218194012086,
      "transform_matrix": [
        [
          0.048790101031511185,
          -0.003175423281346885,
          0.9988040061634987,
          3.978123346654191
        ],
        [
          0.9986034914779381,
          0.020442231346115475,
          -0.04871531571963306,
          -0.21395234978857233
        ],
        [
          -0.0202630908157269,
          0.9997859930327648,
          0.00416836730835983,
          0.0032649762093679667
        ],
        [
          0.0,
          0.0,
          0.0,
          1.0
        ]
      ]
    },
    {
      "file_path": "./images/0034.jpg",
      "sharpness": 483.73486010558025,
      "transform_matrix": [
        [
          0.04172677876349702,
          -0.0030506361703292978,
          0.9991244014400377,
          3.980742017863333
        ],
        [
          0.998944960108745,
          0.019323233092242688,
          -0.041660284879016615,
          -0.18233424298851014
        ],
        [
          -0.019179223325255148,
          0.9998086348305634,
          0.0038537138997113904,
          0.00348082784611248
        ],
        [
          0.0,
          0.0,
          0.0,
          1.0
        ]
      ]
    },
    {
      "file_path": "./images/0033.jpg",
      "sharpness": 492.64679720633956,
      "transform_matrix": [
        [
          0.03508038990202815,
          -0.0029657786132371512,
          0.999380093058429,
          3.9829138455661637
        ],
        [
          0.9992188402025469,
          0.018310697395165627,
          -0.03502039042014755,
          -0.15173318104710332
        ],
        [
          -0.018195483741810067,
          0.9998279464578169,
          0.0036058082702168075,
          0.0032106705093686663
        ],
        [
          0.0,
          0.0,
          0.0,
          1.0
        ]
      ]
    },
    {
      "file_path": "./images/0036.jpg",
      "sharpness": 507.0077748842445,
      "transform_matrix": [
        [
          0.05576296553081376,
          -0.0033638935161933595,
          0.9984383686014657,
          3.9757485480453503
        ],
        [
          0.9982169006530089,
          0.021516692321450287,
          -0.055678103436136016,
          -0.24436459616476278
        ],
        [
          -0.02129579596798575,
          0.9997628299611319,
          0.004557729932119446,
          0.003337236164703162
        ],
        [
          0.0,
          0.0,
          0.0,
          1.0
        ]
      ]
    },
    {
      "file_path": "./images/0038.jpg",
      "sharpness": 533.1158559764443,
      "transform_matrix": [
        [
          0.07013583286606043,
          -0.0034091646024832683,
          0.9975316248344374,
          3.9704017620507908
        ],
        [
          0.9972654682977098,
          0.02358971172591175,
          -0.07003649935310893,
          -0.2998987044990721
        ],
        [
          -0.02329271751284826,
          0.9997159111954442,
          0.0050543262127665444,
          0.003651475071540133
        ],
        [
          0.0,
          0.0,
          0.0,
          1.0
        ]
      ]
    },
    {
      "file_path": "./images/0037.jpg",
      "sharpness": 534.2698543380748,
      "transform_matrix": [
        [
          0.06288106642775988,
          -0.0034482121141761416,
          0.9980150706868403,
          3.973198488170303
        ],
        [
          0.9977722587971825,
          0.022543332184987597,
          -0.06278787899559685,
          -0.27308745480581736
        ],
        [
          -0.022282079339141267,
          0.9997399201828185,
          0.004858079158600599,
          0.0032942061956092055
        ],
        [
          0.0,
          0.0,
          0.0,
          1.0
        ]
      ]
    },
    {
      "file_path": "./images/0039.jpg",
      "sharpness": 591.9110030582548,
      "transform_matrix": [
        [
          0.07743738326426737,
          -0.0036215067780637853,
          0.9969906400572548,
          3.967986927952461
        ],
        [
          0.9967021593343326,
          0.024608104952450735,
          -0.07732558922457647,
          -0.32520146655423826
        ],
        [
          -0.02425401516164538,
          0.9996906150701032,
          0.00551515088035034,
          0.004681132558674427
        ],
        [
          0.0,
          0.0,
          0.0,
          1.0
        ]
      ]
    },
    {
      "file_path": "./images/0040.jpg",
      "sharpness": 548.8854807189349,
      "transform_matrix": [
        [
          0.08383777763576913,
          -0.0036357900265473514,
          0.9964727834075118,
          3.965598103136397
        ],
        [
          0.9961605988834461,
          0.025599602379568143,
          -0.08371810789896257,
          -0.3480267195122811
        ],
        [
          -0.025204925575553355,
          0.9996656648044018,
          0.005768044542122212,
          0.006004488245721823
        ],
        [
          0.0,
          0.0,
          0.0,
          1.0
        ]
      ]
    },
    {
      "file_path": "./images/0041.jpg",
      "sharpness": 540.1527275905771,
      "transform_matrix": [
        [
          0.089718971849859,
          -0.0036130296017008127,
          0.9959605675463447,
          3.96350992388218
        ],
        [
          0.9956341124630034,
          0.02618253221072915,
          -0.08959458190672828,
          -0.36885801247829725
        ],
        [
          -0.025753061763817243,
          0.9996506494891436,
          0.005946325391164386,
          0.007598478619639076
        ],
        [
          0.0,
          0.0,
          0.0,
          1.0
        ]
      ]
    },
    {
      "file_path": "./images/0044.jpg",
      "sharpness": 517.4749013191845,
      "transform_matrix": [
        [
          0.10726999985045381,
          -0.003669998709554219,
          0.9942231531409289,
          3.95802357744599
        ],
        [
          0.9938360018588527,
          0.028542819534705086,
          -0.10712286806382441,
          -0.4146451806772474
        ],
        [
          -0.027984791249769006,
          0.9995858335142692,
          0.006709165091549863,
          0.013745461764479387
        ],
        [
          0.0,
          0.0,
          0.0,
          1.0
        ]
      ]
    },
    {
      "file_path": "./images/0043.jpg",
      "sharpness": 541.3971608745221,
      "transform_matrix": [
        [
          0.10143345047179937,
          -0.003710035970072426,
          0.9948354088784843,
          3.9595080974902035
        ],
        [
          0.9944692942453855,
          0.02776027697964278,
          -0.10129259511483618,
          -0.40227185300109497
        ],
        [
          -0.027241107328244873,
          0.9996077243874468,
          0.0065053375328809485,
          0.01147749428361759
        ],
        [
          0.0,
          0.0,
          0.0,
          1.0
        ]
      ]
    },
    {
      "file_path": "./images/0045.jpg",
      "sharpness": 536.9111920137095,
      "transform_matrix": [
        [
          0.11037697992266485,
          -0.0037146455817055266,
          0.9938828521064691,
          3.957173293984132
        ],
        [
          0.9934895438679608,
          0.02878925460525197,
          -0.11022570047091991,
          -0.42376457780430615
        ],
        [
          -0.028203697065842435,
          0.9995786013252844,
          0.006868132522152145,
          0.015418246252324417
        ],
        [
          0.0,
          0.0,
          0.0,
          1.0
        ]
      ]
    },
    {
      "file_path": "./images/0042.jpg",
      "sharpness": 544.4154103858109,
      "transform_matrix": [
        [
          0.09552646648200014,
          -0.0036262215997935735,
          0.9954202854665501,
          3.9615904317151083
        ],
        [
          0.9950761099446045,
          0.026893122805989895,
          -0.0953954682532419,
          -0.3869345705292446
        ],
        [
          -0.02642403487312311,
          0.9996317374226305,
          0.006177371477642397,
          0.009237565201047916
        ],
        [
          0.0,
          0.0,
          0.0,
          1.0
        ]
      ]
    },
    {
      "file_path": "./images/0046.jpg",
      "sharpness": 473.4779422155289,
      "transform_matrix": [
        [
          0.11082895914671141,
          -0.0036988089464616426,
          0.9938326119758648,
          3.9565505425983853
        ],
        [
          0.9934398091795472,
          0.02876991632302854,
          -0.11067808026917855,
          -0.43053937474276666
        ],
        [
          -0.028183104012165682,
          0.9995792168343032,
          0.006863083934783693,
          0.017770278852675785
        ],
        [
          0.0,
          0.0,
          0.0,
          1.0
        ]
      ]
    }
  ]
}